 Address  00 01 02 03 04 05 06 07 08 09 0A 0B 0C 0D 0E 0F      ASCII      

    30    00 00 00 00 00 00 00 00 06 00 14 00 05 0A 00 00 ........ ........
    40    00 00 00 00 00 00 00 00 00 00 00 00 00 00 00 00 ........ ........
    50    00 00 00 00 00 00 00 00 00 00 00 00 00 00 00 00 ........ ........
    60    00 00 00 00 00 00 00 00 00 00 00 00 00 00 00 00 ........ ........
    70    00 00 00 00 00 00 00 00 00 00 00 00 00 00 00 00 ........ ........
    80    00 00 00 00 00 00 00 00 00 00 00 00 00 00 00 00 ........ ........
    90    00 00 00 00 00 00 00 00 00 00 00 00 00 00 00 00 ........ ........
    A0    00 00 00 00 00 00 00 00 00 00 00 00 00 00 00 00 ........ ........
    B0    00 00 00 00 00 00 00 00 00 00 00 00 00 00 00 00 ........ ........
    C0    00 00 00 00 00 00 00 00 00 00 00 00 00 00 00 00 ........ ........
    D0    00 00 00 00 00 00 00 00 00 00 00 00 00 00 00 00 ........ ........
    E0    00 00 00 00 00 00 00 00 00 00 00 00 00 00 00 00 ........ ........
    F0    00 00 00 00 00 00 00 00 00 00 00 00 00 00 00 00 ........ ........
